²ÎÊý£º
m  a  cta  H0  DL  Dl  X0  Y0 v
  2.9094   5.5000   3.7031 289.6875 608.7500 396.8750 3654.6875 2546.8750  62.2607
  2.9797   7.7500   1.5938 305.3125 593.1250 403.1250 3660.9375 2537.5000  20.9600
  2.8625   2.2500   2.6094 289.6875 610.3125 401.5625 3653.1250 2532.8125  50.7853
  2.7453   5.0000   4.2500 263.1250 613.4375 423.4375 3659.3750 2534.3750  36.3968
  3.1359   4.1875   3.8594 297.5000 600.9375 382.8125 3660.9375 2535.9375  34.5460
  2.8391   0.3125   1.2813 292.8125 615.0000 406.2500 3660.9375 2542.1875  33.2711
  3.0578   5.3125  -0.9844 311.5625 593.1250 396.8750 3662.5000 2534.3750  33.0888
  2.9953   3.0625   0.1875 295.9375 596.2500 407.8125 3665.6250 2542.1875  42.0624
  2.9328   0.8125   2.2188 300.6250 610.3125 401.5625 3664.0625 2540.6250  27.9624
  2.9875   2.0000   5.4219 302.1875 597.8125 400.0000 3662.5000 2531.2500  19.9775
  2.9953   6.6250  -1.2969 317.8125 605.6250 410.9375 3657.8125 2535.9375  40.7836
  2.9328   2.1250   2.2188 306.8750 602.5000 400.0000 3662.5000 2531.2500  31.3565
  2.9719   7.4375  -1.3750 303.7500 596.2500 401.5625 3667.1875 2542.1875  31.8205
  2.8000   1.0000   5.5000 267.8125 594.6875 426.5625 3662.5000 2535.9375  39.7094
  3.0734   7.8125   1.2813 291.2500 605.6250 378.1250 3662.5000 2535.9375  44.1270
  3.0422   5.6250   4.4063 292.8125 605.6250 395.3125 3664.0625 2531.2500  35.9319
  2.7766   4.8125   3.9375 281.8750 619.6875 410.9375 3662.5000 2543.7500  51.6600
  2.8859   0.6875   5.3438 285.0000 618.1250 412.5000 3657.8125 2532.8125  30.8288
  2.9172   4.7500  -1.2188 308.4375 597.8125 401.5625 3662.5000 2545.3125  28.7524
  3.0656   7.4375   4.7969 313.1250 604.0625 379.6875 3660.9375 2532.8125  42.4987
  2.9016   6.5000   5.1094 280.3125 633.7500 414.0625 3656.2500 2529.6875  55.1164
  3.1125   1.3750   3.7813 319.3750 593.1250 398.4375 3659.3750 2535.9375  29.1865
  3.1281   3.3125  -0.5156 299.0625 604.0625 379.6875 3659.3750 2540.6250  37.5392
  2.6437   3.4375   4.0156 256.8750 604.0625 431.2500 3662.5000 2535.9375  56.8288
  2.9328   7.5000  -1.0625 299.0625 585.3125 406.2500 3657.8125 2543.7500  38.1439
  3.2297   7.8125   1.5938 327.1875 593.1250 375.0000 3660.9375 2535.9375  25.0197
  3.0109   7.5625  -0.2031 308.4375 593.1250 398.4375 3657.8125 2546.8750  28.6509
  2.9719   3.3750   1.2031 297.5000 605.6250 401.5625 3660.9375 2540.6250  16.6114
  2.7531   7.1875   5.8125 270.9375 622.8125 415.6250 3667.1875 2534.3750  51.0163
  2.9562   1.1875   6.3594 303.7500 604.0625 417.1875 3659.3750 2531.2500  38.7432
  3.2141   0.7500   2.8438 313.1250 604.0625 376.5625 3656.2500 2534.3750  33.3462
  2.9016   5.6875   7.4531 260.0000 602.5000 414.0625 3667.1875 2532.8125  53.5213
  2.9016   5.3750  -1.1406 277.1875 597.8125 404.6875 3657.8125 2543.7500  25.7432
  3.0109   1.3125  -1.6094 305.3125 600.9375 392.1875 3662.5000 2542.1875  19.7587
  2.9406   1.1250   1.9844 291.2500 610.3125 407.8125 3660.9375 2539.0625  26.1486
  2.9172   2.5000   3.3125 294.3750 597.8125 414.0625 3660.9375 2535.9375  20.7594
  3.0266   7.6875   0.8125 333.4375 610.3125 409.3750 3656.2500 2540.6250  47.8290
  2.9016   5.5000   5.1094 274.0625 600.9375 418.7500 3660.9375 2535.9375  32.8764
  2.7922   1.6250   6.1250 263.1250 610.3125 415.6250 3667.1875 2531.2500  44.1827
  2.8781   6.1875   0.1875 280.3125 608.7500 406.2500 3665.6250 2540.6250  32.9456
  2.8469   4.5000  -1.5313 289.6875 599.3750 415.6250 3660.9375 2545.3125  23.4567
  2.8312   0.9375  -0.2813 285.0000 610.3125 415.6250 3662.5000 2540.6250  24.5888
  3.0266   2.6250   4.6406 310.0000 613.4375 396.8750 3656.2500 2531.2500  30.6198
  2.9484   3.5000  -1.5313 294.3750 599.3750 409.3750 3660.9375 2539.0625  23.9351
  2.9562   1.5625   2.8438 294.3750 597.8125 400.0000 3660.9375 2542.1875  23.8313
  2.9953   5.6875  -0.0469 320.9375 583.7500 426.5625 3668.7500 2546.8750  74.0868
  3.1828   0.4375  -0.2813 319.3750 586.8750 378.1250 3660.9375 2546.8750  32.3660
  2.9562   0.0625   2.2969 302.1875 611.8750 410.9375 3656.2500 2537.5000  31.9912
  2.7766   4.6875  -0.2813 253.7500 602.5000 410.9375 3660.9375 2542.1875  43.1399
  2.8078   1.3750  -0.0469 285.0000 608.7500 412.5000 3662.5000 2540.6250  26.2185
